# yamllint disable
end-of-epoch: true
error: 0.04117884859442711
loss: 0.20685964619385716
unixtime: 1665133766.0861144
